50 100.0 92.4 83.8 73.8 62.4 49.5 37.6 26.5 16.4 7.6 50
49 99.2 91.8 83.3 73.5 62.2 49.4 37.6 26.5 16.4 7.6 49
48 98.3 91.1 82.7 73.1 62.0 49.3 37.6 26.5 16.4 7.6 48
47 97.4 90.3 82.2 72.7 61.8 49.2 37.6 26.5 16.4 7.6 47
46 96.5 89.6 81.6 72.3 61.5 49.1 37.5 26.5 16.4 7.6 46
45 95.5 88.8 81.0 71.9 61.3 49.0 37.5 26.4 16.4 7.6 45
44 94.6 88.0 80.4 71.5 61.0 48.9 37.5 26.4 16.4 7.6 44
43 93.6 87.2 79.7 71.0 60.7 48.7 37.4 26.4 16.4 7.6 43
42 92.5 86.3 79.0 70.5 60.4 48.6 37.4 26.4 16.4 7.6 42
41 91.4 85.4 78.3 70.0 60.1 48.4 37.3 26.4 16.4 7.6 41
40 90.3 84.5 77.6 69.4 59.8 48.3 37.3 26.4 16.4 7.6 40
39 89.2 83.5 76.8 68.9 59.4 48.1 37.2 26.4 16.4 7.6 39
38 88.0 82.5 76.0 68.3 59.0 47.9 37.1 26.4 16.4 7.6 38
37 86.8 81.5 75.2 67.6 58.6 47.7 37.1 26.4 16.4 7.6 37
36 85.5 80.4 74.3 67.0 58.2 47.5 37.0 26.4 16.4 7.6 36
35 84.2 79.3 73.4 66.3 57.7 47.2 36.9 26.3 16.4 7.6 35
34 82.9 78.1 72.4 65.6 57.2 47.0 36.8 26.3 16.4 7.6 34
33 81.5 76.9 71.4 64.8 56.7 46.7 36.6 26.3 16.4 7.6 33
32 80.1 75.7 70.4 64.0 56.1 46.4 36.5 26.3 16.4 7.6 32
31 78.6 74.4 69.3 63.2 55.5 46.0 36.4 26.2 16.4 7.6 31
30 77.1 73.1 68.2 62.3 54.9 45.7 36.2 26.2 16.4 7.6 30
29 75.5 71.7 67.0 61.3 54.3 45.3 36.0 26.1 16.4 7.6 29
28 73.9 70.2 65.8 60.4 53.5 44.9 35.8 26.1 16.4 7.6 28
27 72.2 68.8 64.5 59.3 52.8 44.4 35.6 26.0 16.4 7.6 27
26 70.5 67.2 63.2 58.3 52.0 43.9 35.4 25.9 16.4 7.6 26
25 68.7 65.6 61.8 57.1 51.2 43.4 35.1 25.9 16.4 7.6 25
24 66.9 64.0 60.4 55.9 50.3 42.8 34.8 25.8 16.3 7.6 24
23 65.0 62.3 58.9 54.7 49.3 42.2 34.4 25.6 16.3 7.6 23
22 63.0 60.5 57.3 53.4 48.3 41.5 34.1 25.5 16.3 7.6 22
21 61.0 58.6 55.7 52.0 47.2 40.8 33.7 25.3 16.3 7.6 21
20 58.9 56.7 54.0 50.6 46.1 40.0 33.2 25.2 16.3 7.6 20
19 56.8 54.8 52.2 49.0 44.8 39.1 32.7 24.9 16.2 7.6 19
18 54.6 52.7 50.4 47.4 43.5 38.2 32.1 24.7 16.2 7.6 18
17 52.3 50.6 48.5 45.8 42.2 37.2 31.5 24.4 16.1 7.6 17
16 49.9 48.4 46.5 44.0 40.7 36.1 30.8 24.1 16.1 7.6 16
15 47.5 46.1 44.4 42.1 39.1 35.0 30.0 23.7 16.0 7.6 15
14 45.0 43.7 42.2 40.2 37.5 33.7 29.1 23.2 15.8 7.6 14
13 42.4 41.3 39.9 38.1 35.7 32.3 28.2 22.7 15.7 7.6 13
12 39.7 38.8 37.6 36.0 33.9 30.8 27.1 22.1 15.5 7.6 12
11 36.9 36.1 35.1 33.7 31.9 29.2 25.9 21.4 15.3 7.5 11
10 34.1 33.4 32.5 31.4 29.8 27.5 24.6 20.6 14.9 7.5 10
9 31.1 30.6 29.8 28.9 27.6 25.6 23.1 19.6 14.5 7.5 9
8 28.1 27.6 27.0 26.3 25.2 23.6 21.5 18.5 14.0 7.5 8
7 25.0 24.6 24.1 23.5 22.7 21.4 19.7 17.2 13.4 7.4 7
6 21.7 21.4 21.1 20.6 20.0 19.0 17.7 15.7 12.6 7.2 6
5 18.4 18.2 17.9 17.6 17.1 16.4 15.5 14.0 11.5 7.0 5
4 14.9 14.8 14.6 14.4 14.1 13.6 13.0 11.9 10.2 6.6 4
3 11.4 11.3 11.2 11.1 10.9 10.6 10.2 9.6 8.5 6.0 3
2 7.7 7.7 7.6 7.6 7.5 7.4 7.2 6.9 6.3 4.9 2
1 3.9 3.9 3.9 3.9 3.9 3.8 3.8 3.7 3.5 3.1 1
0 0 0 0 0 0 0 0 0 00 0